11.2.a.a:11.1:380.320:1:1428752966040989219:1:0:[-2,-1,1,-2,1,4,-2,0,-1,0,7,3,-8,-6,8,-6,5,12,-7,-3,4,-10,-6,15,-7,2,-16,18,10]
121.2.a.a:121.1:384.090:1:2163261991755690076:1:0:[-1,2,1,2,0,-1,5,-6,2,-9,-2,-3,5,0,2,9,8,-6,2,12,2,10,-6,-9,-13,10,8,-6,11]
121.2.a.b:121.1:9.050:1:1800086421796112985:-1:1:[0,-1,-3,0,0,0,0,0,-9,0,-5,7,0,0,-12,6,-15,0,13,-3,0,0,0,-9,17,0,-4,0,0]
121.2.a.c:121.1:9.460:1:782841435217207667:1:0:[1,2,1,-2,0,1,-5,6,2,9,-2,-3,-5,0,2,9,8,6,2,12,-2,-10,6,-9,-13,-10,8,6,-11]
121.2.a.d:121.1:9.760:1:822130059025817706:1:0:[2,-1,1,2,0,-4,2,0,-1,0,7,3,8,6,8,-6,5,-12,-7,-3,-4,10,6,15,-7,-2,-16,-18,-10]
121.2.c.a:121.3:451.250:4:374409269283180225:0:0:[-2,1,-1,-2,0,4,-2,0,-4,0,-7,-3,-8,24,-8,6,-5,12,-28,3,4,-10,-6,60,7,2,16,18,-40]
121.2.c.b:121.3:11.670:4:597374678090910399:0:0:[-1,-2,-1,2,0,-1,5,-6,8,-9,2,3,5,0,-2,-9,-8,-6,8,-12,2,10,-6,-36,13,10,-8,-6,-44]
121.2.c.c:121.3:11.660:4:748620484201021216:0:0:[0,1,3,0,0,0,0,0,-36,0,5,-7,0,0,12,-6,15,0,52,3,0,0,0,-36,-17,0,4,0,0]
121.2.c.d:121.3:11.720:4:1701108861933488354:0:0:[1,-2,-1,-2,0,1,-5,6,8,9,2,3,-5,0,-2,-9,-8,6,8,-12,-2,-10,6,-36,13,-10,-8,6,44]
121.2.c.e:121.3:11.750:4:1178449850297102840:0:0:[2,1,-1,2,0,-4,2,0,-4,0,-7,-3,8,-24,-8,6,-5,-12,-28,3,-4,10,6,60,7,-2,16,-18,40]
